1 8
3 3
4 8
5 4
6 7
7 8
8 6
9 3
10 2
12 1
13 2
14 6
15 3
16 4
17 2
18 5
19 1
20 6
21 2
22 1
23 4
25 8
26 5
27 6
28 6
29 2
30 2
31 5
32 8
33 1
34 1
35 4
36 2
37 1
38 8
39 3
40 3
41 4
42 4
43 8
44 5
45 7
46 3
47 7
48 8
49 4
50 5
51 5
53 3
54 5
55 6
56 1
57 5
58 3
59 6
60 4
61 6
62 2
63 1
{8: 8, 3: 8, 4: 8, 7: 3, 6: 8, 2: 8, 1: 8, 5: 8}

2 17
3 58
4 35
5 44
6 61
7 6
8 7
1 56
----
3 9
2 10
1 19
8 4
7 45
6 14
5 31
4 16
----
5 57
4 42
3 3
2 36
1 37
8 38
7 47
6 8

{1: [1, 6, 7, 10, 22, 23, 25, 26, 28, 30, 31, 33, 34, 36, 38, 41, 42, 44, 46, 50, 52, 55, 57, 60, 63], 4: [1, 5, 6, 7, 22, 23, 25, 28, 30, 31, 33, 36, 37, 38, 41, 44, 45, 46, 52, 53, 55, 57, 60, 61, 63], 6: [1, 3, 7, 10, 11, 23, 25, 26, 28, 31, 33, 34, 36, 41, 42, 43, 44, 50, 51, 52, 55, 57, 59, 60, 63], 7: [1, 3, 8, 10, 11, 24, 25, 26, 28, 32, 33, 34, 36, 41, 42, 43, 44, 48, 50, 51, 52, 57, 59, 60, 64], 8: [1, 3, 5, 8, 10, 11, 24, 25, 26, 32, 33, 34, 37, 41, 42, 43, 45, 48, 50, 51, 53, 57, 59, 61, 64], 2: [3, 5, 6, 7, 8, 11, 22, 23, 24, 30, 31, 32, 37, 38, 43, 45, 46, 48, 51, 53, 55, 59, 61, 63, 64], 5: [3, 5, 6, 8, 10, 11, 22, 24, 26, 30, 32, 34, 37, 38, 42, 43, 45, 46, 48, 50, 51, 53, 59, 61, 64], 3: [5, 6, 7, 8, 22, 23, 24, 28, 30, 31, 32, 36, 37, 38, 44, 45, 46, 48, 52, 53, 55, 60, 61, 63, 64]}